&general
 PREFIX = BaO3Ti_cubic 
 MODE = opt 
 NAT = 135
 NKD = 3
 KD = Ba O Ti 
/


&interaction
 NORDER = 2 
/


&optimize
 DFSET = DFSET_random 
 FC2XML = BaO3Ti.xml 
/


&cutoff
 Ba-Ba None 8 8 
 Ba-O None 8 8 
 Ba-Ti None 8 8 
 O-O None 8 8 
 O-Ti None 8 8 
 Ti-Ti None 8 8 
/


&cell
 1.0000000000 
 22.5023542441 0.0000000000 0.0000000000 
 0.0000000000 22.5023542441 0.0000000000 
 0.0000000000 0.0000000000 23.1960023126 
/


&position
 1 0.0000000000 0.0000000000 0.0021333333 
 1 0.0000000000 0.0000000000 0.3354666667 
 1 0.0000000000 0.0000000000 0.6688000000 
 1 0.0000000000 0.3333333333 0.0021333333 
 1 0.0000000000 0.3333333333 0.3354666667 
 1 0.0000000000 0.3333333333 0.6688000000 
 1 0.0000000000 0.6666666667 0.0021333333 
 1 0.0000000000 0.6666666667 0.3354666667 
 1 0.0000000000 0.6666666667 0.6688000000 
 1 0.3333333333 0.0000000000 0.0021333333 
 1 0.3333333333 0.0000000000 0.3354666667 
 1 0.3333333333 0.0000000000 0.6688000000 
 1 0.3333333333 0.3333333333 0.0021333333 
 1 0.3333333333 0.3333333333 0.3354666667 
 1 0.3333333333 0.3333333333 0.6688000000 
 1 0.3333333333 0.6666666667 0.0021333333 
 1 0.3333333333 0.6666666667 0.3354666667 
 1 0.3333333333 0.6666666667 0.6688000000 
 1 0.6666666667 0.0000000000 0.0021333333 
 1 0.6666666667 0.0000000000 0.3354666667 
 1 0.6666666667 0.0000000000 0.6688000000 
 1 0.6666666667 0.3333333333 0.0021333333 
 1 0.6666666667 0.3333333333 0.3354666667 
 1 0.6666666667 0.3333333333 0.6688000000 
 1 0.6666666667 0.6666666667 0.0021333333 
 1 0.6666666667 0.6666666667 0.3354666667 
 1 0.6666666667 0.6666666667 0.6688000000 
 2 0.1666666667 0.1666666667 0.3226633333 
 2 0.1666666667 0.1666666667 0.6559966667 
 2 0.1666666667 0.1666666667 0.9893300000 
 2 0.1666666667 0.5000000000 0.3226633333 
 2 0.1666666667 0.5000000000 0.6559966667 
 2 0.1666666667 0.5000000000 0.9893300000 
 2 0.1666666667 0.8333333333 0.3226633333 
 2 0.1666666667 0.8333333333 0.6559966667 
 2 0.1666666667 0.8333333333 0.9893300000 
 2 0.5000000000 0.1666666667 0.3226633333 
 2 0.5000000000 0.1666666667 0.6559966667 
 2 0.5000000000 0.1666666667 0.9893300000 
 2 0.5000000000 0.5000000000 0.3226633333 
 2 0.5000000000 0.5000000000 0.6559966667 
 2 0.5000000000 0.5000000000 0.9893300000 
 2 0.5000000000 0.8333333333 0.3226633333 
 2 0.5000000000 0.8333333333 0.6559966667 
 2 0.5000000000 0.8333333333 0.9893300000 
 2 0.8333333333 0.1666666667 0.3226633333 
 2 0.8333333333 0.1666666667 0.6559966667 
 2 0.8333333333 0.1666666667 0.9893300000 
 2 0.8333333333 0.5000000000 0.3226633333 
 2 0.8333333333 0.5000000000 0.6559966667 
 2 0.8333333333 0.5000000000 0.9893300000 
 2 0.8333333333 0.8333333333 0.3226633333 
 2 0.8333333333 0.8333333333 0.6559966667 
 2 0.8333333333 0.8333333333 0.9893300000 
 2 0.1666666667 0.0000000000 0.1617766667 
 2 0.1666666667 0.0000000000 0.4951100000 
 2 0.1666666667 0.0000000000 0.8284433333 
 2 0.1666666667 0.3333333333 0.1617766667 
 2 0.1666666667 0.3333333333 0.4951100000 
 2 0.1666666667 0.3333333333 0.8284433333 
 2 0.1666666667 0.6666666667 0.1617766667 
 2 0.1666666667 0.6666666667 0.4951100000 
 2 0.1666666667 0.6666666667 0.8284433333 
 2 0.5000000000 0.0000000000 0.1617766667 
 2 0.5000000000 0.0000000000 0.4951100000 
 2 0.5000000000 0.0000000000 0.8284433333 
 2 0.5000000000 0.3333333333 0.1617766667 
 2 0.5000000000 0.3333333333 0.4951100000 
 2 0.5000000000 0.3333333333 0.8284433333 
 2 0.5000000000 0.6666666667 0.1617766667 
 2 0.5000000000 0.6666666667 0.4951100000 
 2 0.5000000000 0.6666666667 0.8284433333 
 2 0.8333333333 0.0000000000 0.1617766667 
 2 0.8333333333 0.0000000000 0.4951100000 
 2 0.8333333333 0.0000000000 0.8284433333 
 2 0.8333333333 0.3333333333 0.1617766667 
 2 0.8333333333 0.3333333333 0.4951100000 
 2 0.8333333333 0.3333333333 0.8284433333 
 2 0.8333333333 0.6666666667 0.1617766667 
 2 0.8333333333 0.6666666667 0.4951100000 
 2 0.8333333333 0.6666666667 0.8284433333 
 2 0.0000000000 0.1666666667 0.1617766667 
 2 0.0000000000 0.1666666667 0.4951100000 
 2 0.0000000000 0.1666666667 0.8284433333 
 2 0.0000000000 0.5000000000 0.1617766667 
 2 0.0000000000 0.5000000000 0.4951100000 
 2 0.0000000000 0.5000000000 0.8284433333 
 2 0.0000000000 0.8333333333 0.1617766667 
 2 0.0000000000 0.8333333333 0.4951100000 
 2 0.0000000000 0.8333333333 0.8284433333 
 2 0.3333333333 0.1666666667 0.1617766667 
 2 0.3333333333 0.1666666667 0.4951100000 
 2 0.3333333333 0.1666666667 0.8284433333 
 2 0.3333333333 0.5000000000 0.1617766667 
 2 0.3333333333 0.5000000000 0.4951100000 
 2 0.3333333333 0.5000000000 0.8284433333 
 2 0.3333333333 0.8333333333 0.1617766667 
 2 0.3333333333 0.8333333333 0.4951100000 
 2 0.3333333333 0.8333333333 0.8284433333 
 2 0.6666666667 0.1666666667 0.1617766667 
 2 0.6666666667 0.1666666667 0.4951100000 
 2 0.6666666667 0.1666666667 0.8284433333 
 2 0.6666666667 0.5000000000 0.1617766667 
 2 0.6666666667 0.5000000000 0.4951100000 
 2 0.6666666667 0.5000000000 0.8284433333 
 2 0.6666666667 0.8333333333 0.1617766667 
 2 0.6666666667 0.8333333333 0.4951100000 
 2 0.6666666667 0.8333333333 0.8284433333 
 3 0.1666666667 0.1666666667 0.1749466667 
 3 0.1666666667 0.1666666667 0.5082800000 
 3 0.1666666667 0.1666666667 0.8416133333 
 3 0.1666666667 0.5000000000 0.1749466667 
 3 0.1666666667 0.5000000000 0.5082800000 
 3 0.1666666667 0.5000000000 0.8416133333 
 3 0.1666666667 0.8333333333 0.1749466667 
 3 0.1666666667 0.8333333333 0.5082800000 
 3 0.1666666667 0.8333333333 0.8416133333 
 3 0.5000000000 0.1666666667 0.1749466667 
 3 0.5000000000 0.1666666667 0.5082800000 
 3 0.5000000000 0.1666666667 0.8416133333 
 3 0.5000000000 0.5000000000 0.1749466667 
 3 0.5000000000 0.5000000000 0.5082800000 
 3 0.5000000000 0.5000000000 0.8416133333 
 3 0.5000000000 0.8333333333 0.1749466667 
 3 0.5000000000 0.8333333333 0.5082800000 
 3 0.5000000000 0.8333333333 0.8416133333 
 3 0.8333333333 0.1666666667 0.1749466667 
 3 0.8333333333 0.1666666667 0.5082800000 
 3 0.8333333333 0.1666666667 0.8416133333 
 3 0.8333333333 0.5000000000 0.1749466667 
 3 0.8333333333 0.5000000000 0.5082800000 
 3 0.8333333333 0.5000000000 0.8416133333 
 3 0.8333333333 0.8333333333 0.1749466667 
 3 0.8333333333 0.8333333333 0.5082800000 
 3 0.8333333333 0.8333333333 0.8416133333 
/


