ENDGEOM
256 6
INPUT
10. 0 2 2 2 1 0
9.526986 427.845816 0
4.487510 204.417530 0
8.315930 293.605864 0
4.292217 294.193316 0
5.916108 112.550402 0
2.874842 181.782621 0
3.589465 -33.473174 0
0 0 3 2.0 1.0
2.3961900000 -5.9554766710
2.2433050000 6.6805648241
0.71740200000 -0.57055347037
0 0 1 2.0 1.0
0.27420073547 1.0000000000
0 1 1 0.0 1.0
0.13 1.0 1.0
0 2 4 6.0 1.0
2.9267420000 0.79815276764
2.5207180000 -1.0707548832
0.67578180854 0.34940781448
0.31985844531 0.65041110673
0 3 2 0.0 1.0
0.966315 -0.908938
0.893828 0.947240
0 3 1 0.0 1.0
0.273195 0.322057
22 12
0 0 8 2.0 1.0
  211575.69025      .23318151011E-03
  31714.945058      .18079690851E-02
  7217.5476543      .93984311352E-02
  2042.9394247      .38156853618E-01
  665.12896208      .12374757197
  238.74942264      .29208551143
  92.508691001      .41226800855
  36.403919209      .21090534061
0 0 4 2.0 1.0
  232.72624607     -.24920140738E-01
  71.791209711     -.11746490087
  11.158534615      .56503342318
  4.6548135416      .56211101812
0 0 2 2.0 1.0
  6.8034629174     -.23011425503
  1.1201076403      .72103186735
0 0 1 2.0 1.0
  0.48080118839      1.0000000000
0 0 1 0.0 1.0
  0.24              1.0
0 1 1 0.0 1.0
  0.12              1.0 1.0
0 2 6 6.0 1.0
  1063.1474732      .24690839320E-02
  251.56507061      .19773345523E-01
  80.408554854      .90987976672E-01
  29.768193269      .25559900413
  11.736830556      .40489386764
  4.7142375230      .23693402558
0 2 3 6.0 1.0
  17.796803704     -.27878639615E-01
  2.4272698680      .55672914668
  0.96823445537      1.0055447350
0 2 1 0.0 1.0
  0.37056694165      1.0000000000
0 3 4 2.0 1.0
  37.713384723      .11513835092E-01
  10.692931184      .67246343996E-01
  3.6728446990      .21484207775
  1.3588590303      .38890892779
0 3 1 0.0 1.0
  0.54              1.0
0 3 1 0.0 1.0
  0.22              1.0
8 7
0 0 6 2.0 1.0
  27032.382631      0.21726302465E-03
  4052.3871392      0.16838662199E-02
  922.32722710      0.87395616265E-02
  261.24070989      0.35239968808E-01
  85.354641351      0.11153519115
  31.035035245      0.25588953961
0 0 2 2.0 1.0
  12.271113873      0.39768730901
  4.9159842006      0.24627849430
0 0 1 0.0 1.0
 0.90086482370      1.0000000000
0 1 1 0.0 1.0
 0.25000000000      1.0 1.0
0 2 4 4.0 1.0
  75.300554155      0.60685103418E-02
  17.743733858      0.41912575824E-01
  5.5355828651      0.16153841088
  2.0685535103      0.35706951311
0 2 1 0.0 1.0
 0.78238772422      1.0000000000
0 3 1 0.0 1.0
 1.2000000000       1.0000000000
99 0
ENDBAS
DFT
PBE0
ENDDFT
SHRINK
0 8
8 8 8
TOLINTEG
8 8 8 8 16
MAXCYCLE
100
FMIXING
80
EXCHSIZE
30000000
BIPOSIZE
30000000