Propagation of the eigenvectors: 

    50K    100K    150K    200K    250K    300K    350K    400K    450K    500K 
      1       1       1       1       1       1       1       1       1       1 
      2       4       4       4       4       4       4       4       4       4 
      3       5       5       5       5       5       5       5       5       5 
      4       2       2       2       2       2       2       2       2       2 
      5       3       3       3       3       3       3       3       3       3 
      6       6       6       6       6       6       6       6       6       6 
      7       7       7       7       7       7       7       7       7       7 
      8       8       8       8       8       8       8       8       8       8 
      9       9       9       9       9       9       9       9       9       9 
     10      10      10      10      10      10      10      10      10      10 
     11      11      11      11      11      11      11      11      11      11 
     12      12      12      12      12      12      12      12      12      12 
     13      13      13      13      13      13      13      13      13      13 
     14      14      14      14      14      14      14      14      14      14 
     15      15      15      15      15      15      15      15      15      15 
